  W   A                   length       listStart                                             A       n     d       r      o     i       d      -    2    .    1     2    .    4     4    0   to     server
[87, 65,     1, 6,     0, 0, 22,     -8, 5, 1,                   -109,    -4, 16,   65, 110, 100, 114, 111, 105, 100, 45, 50, 46, 49, 50, 46, 52, 52, 48, -77, -101]
 			             to     server
 87, 65,     1, 6,     0, 0, 24,  248, 5, 1,  179, 155,   147, 252, 16 ,   65, 110, 100, 114, 111, 105, 100, 45, 50, 46, 49, 50, 46, 52, 52, 48

[0, 0, 3, -8, 1, -87]
 0, 0, 3, -8, 1, 169

length         listStart    (attr 1)       user
[0, 0, 14,     -8, 5, 13,    92, -48,      -60,       -1, -122,         121, 37, 0, 105, 84, 47]
								              (attr 1)
 0, 0, 14,  248, 5, 13,                     196,       255,134,        121, 37, 0, 105, 84,  47,             92, 208

-------------------------
pass :  [˚, M, H, /, :, ç, ú, ›, ˙, ∂, n, ~, ‘, Î, Ò, , Õ, ÷, í, É]

-------------------------
source
[104, 101, 108, 108, 111]
68 65 6c 6c 6f

cipher 
[104, 101, 108, 108, -88]
    68   65     6c    6c  5e     
mac
[34, 116, 15, -29, -92, -81, -32, 13, 57, 2, -68, -53, 106, 79, -14, -118, 84, 61, 118, 27]
55 61 2a 0e  .....

final
[34, 116, 15, -29, 104]
55 61 2a 0e 5e









